0.056605	0.007174	0.000102
0.056605	0.006674	0.000093
0.080052	0.015101	0.000208
0.113211	0.017138	0.000255
0.113211	0.017604	0.000255
0.160104	0.033641	0.000474
0.169816	0.027667	0.000387
0.169816	0.027627	0.000384
0.240156	0.059613	0.000875
0.226421	0.042401	0.000612
0.226421	0.042260	0.000586
0.320208	0.092320	0.001308
0.283026	0.063097	0.000882
0.283026	0.063556	0.000893
0.400260	0.144524	0.002093
0.339632	0.090823	0.001271
0.339632	0.090090	0.001269
0.480312	0.209350	0.002874
0.396237	0.126601	0.001818
0.396237	0.122240	0.001734
0.560364	0.324722	0.004633
0.452842	0.173521	0.002458
0.452842	0.174655	0.002468
0.640416	0.447701	0.006457
0.509447	0.231596	0.003300
0.509447	0.234196	0.003262
0.720468	0.619013	0.008849
0.566053	0.314995	0.004479
0.566053	0.308269	0.004429
0.800519	0.854084	0.011704
0.622658	0.394060	0.005695
0.622658	0.378191	0.005537
0.880571	1.139454	0.015893
0.679263	0.505287	0.007152
0.679263	0.504731	0.007117
0.960623	1.519764	0.021561
0.735869	0.657361	0.009116
0.735869	0.663065	0.009283
1.040675	1.866151	0.026997
0.792474	0.787781	0.011249
0.792474	0.777602	0.011158
1.120727	2.507544	0.035054
0.849079	0.992760	0.013828
0.849079	1.004882	0.014127
1.200779	3.112808	0.044514
0.905684	1.202200	0.016983
0.905684	1.258248	0.017628
1.280831	3.884108	0.055038
0.962290	1.550074	0.021857
0.962290	1.515782	0.021136
1.360883	5.006115	0.070610
1.018895	1.752031	0.024926
1.018895	1.756396	0.024573
1.440935	5.850306	0.084214
1.075500	2.086883	0.029583
1.075500	2.045951	0.028856
1.520987	6.634244	0.094779
1.132105	2.437606	0.034741
1.132105	2.522007	0.036128
1.601039	8.452932	0.118268
1.188711	3.051434	0.042405
1.188711	2.999488	0.043396
1.681091	10.200620	0.146914
1.245316	3.570846	0.050225
1.245316	3.521678	0.047622
1.761143	11.873979	0.166408
1.301921	3.935136	0.058169
1.301921	4.188880	0.058998
1.841195	14.006588	0.195430
1.358527	4.559979	0.063177
1.358527	4.711837	0.065158
1.921247	16.320784	0.231995
1.415132	5.347025	0.076373
1.415132	5.268534	0.074276
2.001299	18.851959	0.270297
1.471737	6.171705	0.088117
1.471737	6.122464	0.086209
2.081351	22.328049	0.309460
1.528342	7.277630	0.106423
1.528342	7.178424	0.101768
2.161403	25.672382	0.361672
1.584948	8.122461	0.112044
1.584948	8.193160	0.118362
2.241454	28.848367	0.414246
1.641553	9.379842	0.131332
1.641553	8.942401	0.126832
2.321506	34.418894	0.489913
1.698158	10.664939	0.146482
1.698158	10.504833	0.151922
2.401558	37.651162	0.537623
1.754763	11.857939	0.171392
1.754763	11.850615	0.168336
2.481610	41.729351	0.616073
1.811369	12.699730	0.176340
1.811369	13.034147	0.185006
2.561662	48.801036	0.699254
1.867974	14.681352	0.206151
1.867974	14.261752	0.200604
2.641714	54.563997	0.802335
1.924579	16.744723	0.234963
1.924579	15.984131	0.228624
2.721766	60.978527	0.850276
1.981185	18.373887	0.265805
1.981185	18.723709	0.262074
2.801818	67.282312	0.975743
2.037790	19.182363	0.279623
2.037790	19.315947	0.274570
2.881870	75.795402	1.086992
2.094395	23.037304	0.322133
2.094395	21.144693	0.307375
2.961922	86.608012	1.227881
2.151000	25.225368	0.351579
2.151000	24.847958	0.350395
3.041974	96.862821	1.342428
2.207606	26.996209	0.398340
2.207606	26.072207	0.363757
3.122026	106.343801	1.537071
2.264211	28.788412	0.406708
2.264211	29.549151	0.424426
3.202078	115.708796	1.654763
2.320816	34.002731	0.471889
2.320816	34.247868	0.502105
3.282130	138.425342	1.925707
2.377421	36.675203	0.510523
2.377421	36.444814	0.511681
3.362182	145.225656	2.032586
2.434027	40.624770	0.563639
2.434027	38.905452	0.564595
3.442234	157.473720	2.230733
2.490632	43.363364	0.593898
2.490632	42.965042	0.606339
3.522286	177.624278	2.460263
2.547237	45.296270	0.647484
2.547237	47.704099	0.694574
3.602338	195.599646	2.826292
2.603843	53.731236	0.760537
2.603843	49.569626	0.690097
3.682389	229.634503	3.285753
2.660448	53.452192	0.763694
2.660448	54.717386	0.762262
3.762441	243.870866	3.503250
2.717053	58.785668	0.836921
2.717053	60.939415	0.848230
3.842493	273.071934	3.755321
2.773658	63.215007	0.894820
2.773658	64.928283	0.901158
3.922545	303.761980	4.223375
2.830264	67.983404	0.986371
2.830264	68.964750	0.965238
4.002597	324.676672	4.673095
2.886869	74.459568	1.050508
2.886869	75.997249	1.069925
4.082649	380.904164	5.476194
2.943474	82.061427	1.190609
2.943474	82.868202	1.199922
4.162701	428.427443	5.907322
3.000079	87.828908	1.217975
3.000079	84.676779	1.221915
4.242753	488.486054	6.879451
3.056685	93.329451	1.310017
3.056685	91.229126	1.290100
4.322805	547.190272	7.479360
